3992
3972
3946
3927
3914
3903
3894
3887
3880
3869
3847
3829
3822
3820
3814
3811
3811
3808
3786
3777
3766
3751
3744
3735
3736
3734
3740
3747
3743
3742
3734
3729
3724
3713
3708
3700
3700
3703
3706
3706
3704
3706
3705
3710
3717
3718
3715
3712
3717
3717
3724
3724
3721
3715
3714
3716
3716
3728
3719
3710
3695
3685
3682
3682
3690
3690
3684
3677
3679
3678
3678
3675
3672
3670
3660
3660
3647
3647
3641
3640
3646
3653
3653
3650
3653
3650
3650
3650
3641
3621
3621
3608
3603
3591
3577
3583
3584
3584
3584
3583
3580
3571
3565
3562
3562
3557
3540
3534
3508
3491
3489
3489
3485
3491
3498
3495
3498
3501
3501
3494
3487
3481
3478
3476
3476
3470
3466
3463
3462
3455
3451
3451
3450
3451
3454
3456
3459
3460
3460
3454
3462
3467
3470
3465
3462
3463
3463
3467
3468
3466
3473
3474
3477
3477
3476
3474
3475
3465
3455
3447
3447
3443
3446
3430
3428
3414
3403
3390
3386
3383
3381
3375
3378
3376
3377
3376
3370
3362
3356
3346
3342
3334
3334
3333
3343
3345
3342
3344
3341
3341
3339
3334
3329
3327
3321
3325
3325
3330
3329
3333
3326
3331
3325
3324
3317
3318
3313
3313
3310
3314
3308
3310
3305
3301
3293
3293
3293
3292
3295
3294
3294
3292
3287
3280
3277
3277
3277
3277
3273
3273
3271
3273
3276
3274
3272
3271
3268
3267
3266
3268
3265
3260
3261
3264
3268
3269
3265
3264
3263
3262
3259
3259
3259
3257
3259
3257
3257
3256
3258
3256
3255
3252
3252
3252
3253
3250
3249
3249
3247
3248
3248
3243
3245
3246
3250
3253
3251
3250
3249
3248
3245
3244
3236
3236
3240
3238
3242
3239
3235
3229
3227
3225
3225
3224
3227
3230
3234
3233
3230
3229
3228
3226
3225
3229
3225
3229
3223
3209
3204
3200
3202
3202
3202
3206
3205
3200
3195
3193
3196
3201
3205
3207
3205
3205
3204
3203
3202
3197
3191
3191
3188
3187
3188
3187
3187
3189
3191
3193
3192
3188
3186
3180
3178
3175
3174
3171
3168
3167
3169
3171
3173
3175
3175
3175
3172
3170
3169
3171
3169
3174
3180
3179
3179
3178
3175
3172
3179
3183
3187
3171
3186
3181
3171
3164
3158
3154
3151
3145
3137
3124
3121
3126
3125
3125
3129
3131
3139
3128
3110
3111
3106
3093
3086
3075
3064
3059
3059
3054
3045
3038
3034
3034
3029
3032
3036
3036
3030
3023
3023
3028
3026
3031
3034
3031
3027
3019
3009
3011
3011
3001
2989
2984
2986
2987
2992
3008
3019
3017
3017
3010
3012
3011
3003
2990
2974
2967
2959
2941
2939
2939
2945
2949
2939
2928
2919
2915
2907
2904
2897
2884
2877
2867
2863
2861
2858
2850
2844
2841
2840
2842
2841
2834
2834
2832
2833
2829
2826
2819
2818
2816
2813
2805
2800
2801
2804
2810
2807
2804
2805
2799
2793
2782
2783
2785
2789
2792
2788
2782
2788
2792
2787
2787
2780
2779
2783
2788
2782
2775
2774
2770
2769
2772
2769
2763
2764
2763
2766
2769
2763
2761
2753
2747
2752
2742
2738
2746
2750
2753
2760
2764
2780
2781
2787
2780
2784
2784
2791
2785
2790
2784
2780
2787
2787
2779
2786
2785
2782
2783
2780
2780
2783
2788
2787
2791
2789
2786
2786
2786
2785
2771
2763
2755
2751
2751
2748
2741
2732
2724
2711
2697
2697
2694
2689
2681
2673
2671
2661
2661
2658
2651
2651
2651
2648
2647
2646
2647
2651
2666
2685
2699
2721
2721
2746
2763
2795
2827
2859
2894
2902
2902
2898
2899
2895
2890
2893
2891
2888
2885
2883
2886
